0 0 40000001
0 0 4616c706
0 0 48610000
0 1 f0000000
1 0 40000001
1 0 4626f6f7
1 0 443a2066
1 0 469726d7
1 0 47617265
1 0 42076322
1 0 4e332e31
1 0 4206c6f6
1 0 41646564
1 0 40000002
1 0 47573657
1 0 4220616c
1 0 46963652
1 0 40617574
1 0 468656e7
1 0 44696361
1 0 47465640
1 0 40000003
1 0 4636f6e6
1 0 46696720
1 0 46368616
1 0 4e676564
1 0 43a20726
1 0 4574656e
1 0 474696f6
1 0 4e3d3930
1 0 46400000
1 0 40000004
1 0 46578706
1 0 4f72743a
1 0 42064617
1 0 44617365
1 0 4745f343
1 0 44373120
1 0 42d3e207
1 0 43333a2f
1 0 42f61756
1 0 4469742f
1 0 40000005
1 0 47573657
1 0 4220616c
1 0 46963652
1 0 406c6f67
1 0 46765642
1 0 406f7574
1 1 f0000000
2 0 40000001
2 0 4626f6f7
2 0 443a2066
2 0 469726d7
2 0 47617265
2 0 42076322
2 0 4e332e31
2 0 4206c6f6
2 0 41646564
2 0 40000002
2 0 4636f6e6
2 0 46696720
2 0 46368616
2 0 4e676564
2 0 43a20726
2 0 4574656e
2 0 474696f6
2 0 4e3d3930
2 0 46400000
2 0 40000003
2 0 47573657
2 0 4220616c
2 0 46963652
2 0 40617574
2 0 468656e7
2 0 44696361
2 0 47465640
2 0 40000004
2 0 46578706
2 0 4f72743a
2 0 42064617
2 0 44617365
2 0 4745f343
2 0 44373120
2 0 42d3e207
2 0 43333a2f
2 0 42f61756
2 0 4469742f
2 0 40000005
2 0 47573657
2 0 4220616c
2 0 46963652
2 0 406c6f67
2 0 46765642
2 0 406f7574
2 1 f0000000
3 0 40000001
3 0 42320674
3 0 41796174
3 0 47249206
3 0 4d616e74
3 0 47261202
3 0 48526776
3 0 46564612
3 0 40332e36
3 0 4322e313
3 0 40292c20
3 0 44861727
3 0 46617264
3 0 42d4b796
3 0 4f746f20
3 0 44153434
3 0 49492e0a
3 0 423206c6
3 0 41676875
3 0 4203d206
3 0 4c6f7765
3 0 47263617
3 0 43652061
3 0 42d7a202
3 0 48626974
3 0 42030292
3 0 4c206775
3 0 47275203
3 0 4d205550
3 0 45045524
3 0 43415345
3 0 420412d5
3 0 4a202862
3 0 46974203
3 0 41293b20
3 0 4616c6c2
3 0 40656c73
3 0 46520696
3 0 476e6f72
3 0 465642e0
3 0 4a6f4d20
3 0 46268557
3 0 42206268
3 0 47576614
3 0 48207376
3 0 461480a7
3 0 44617420
3 0 47361766
3 0 49747572
3 0 42076617
3 0 42654e79
3 0 4614d0a6
3 0 42686172
3 0 4676f206
3 0 44657661
3 0 47379612
3 0 40646849
3 0 46d61686
3 0 490a6468
3 0 469796f2
3 0 40796f20
3 0 46e61482
3 0 40707261
3 0 4636f646
3 0 41794174
3 0 40a00000
3 1 f0000000
