0 0 40000000
0 1 f0000000
1 0 40000000
1 1 f0000000
2 0 48000000
2 1 f0000000
3 0 40000000
3 1 f0000000
4 0 40000000
4 0 40000000
4 1 f0000000
5 0 4fffffff
5 0 4fffffff
5 0 40000000
5 1 f0000000
6 0 44811000
6 0 42400040
6 0 40100920
6 0 44400090
6 0 40010004
6 0 40248110
6 0 40024000
6 0 44001009
6 0 42044000
6 0 49000100
6 0 40402401
6 0 41000980
6 0 40200024
6 0 4062a401
6 0 41000980
6 0 40200024
6 0 4062a401
6 0 41000980
6 0 40200024
6 0 4062a401
6 0 41000980
6 0 40200024
6 0 4062a000
6 1 f0000000
7 0 44000000
7 1 f0000000
8 0 48000000
8 1 f0000000
9 0 40000000
9 0 41ffc000
9 0 49998300
9 0 44803004
9 0 48080000
9 1 f0000000
10 0 40401120
10 0 409021f0
10 0 42000100
10 0 40412400
10 1 f0000000
11 0 44204102
11 0 41f00000
11 0 41ffc000
11 0 40902200
11 0 40480008
11 0 40020100
11 1 f0000000
12 0 42100810
12 0 4fa48008
12 1 f0000000
13 0 41440082
13 0 4043e802
13 0 42001300
13 0 40400048
13 0 40c54000
13 1 f0000000
14 0 44300420
14 0 424087d0
14 0 44000000
14 0 48820008
14 0 44020c0a
14 0 428a2000
14 1 f0000000
15 0 45800000
15 1 f0000000
16 1 f0000000
16 0 43000000
16 1 f0000000
17 0 4555aaa0
17 0 4f000000
17 1 f0000000
18 0 4fffffff
18 0 4ffff800
18 1 f0000000
19 0 40000000
19 1 f0000000
20 0 45000000
20 1 f0000000
21 0 4fffffff
21 0 4ff00000
21 0 40000000
21 0 40000000
21 1 f0000000
22 0 40000005
22 0 455aaa00
22 0 40000000
22 0 40000000
22 1 f0000000
23 0 4a050281
23 0 440a0502
23 0 48140a05
23 0 40281400
23 1 f0000000
24 1 f0000000
24 0 4392c9d6
24 0 44a2b254
24 0 4ac952b2
24 0 4a774e90
24 1 f0000000
25 3 50c24309
25 3 50c28309
25 3 50000000
25 3 5c003000
25 3 5c000001
25 1 f0000000
26 3 3fffffff
26 3 30003001
26 3 30006002
26 3 30000000
26 3 30003039
26 1 f0000000
27 3 06a17039
27 3 18ca2328
27 3 20028003
27 3 09c3c000
27 3 10007000
27 1 f0000000
28 3 60000000
28 2 80000000
28 2 80000000
28 2 80000000
28 3 60000000
28 1 f0000000
