P 0 00006c 1 1 1 0
P 1 00006c 1 1 1 0
P 2 0025c3 1 1 1 0
P 3 00006c 1 1 1 0
P 4 002d90 1 1 2 0
P 5 000c1d 1 1 3 0
P 6 0007f0 1 1 23 0
P 7 002b18 1 1 1 0
P 8 0025c3 1 1 1 0
P 9 002349 1 1 5 0
P 10 00135c 1 1 4 0
P 11 000a78 1 1 6 0
P 12 002cf3 1 1 2 0
P 13 0021e6 1 1 5 0
P 14 0011e9 1 1 6 0
P 15 002318 1 1 1 0
P 16 00206d 2 2 1 0
P 17 000891 1 1 2 0
P 18 001090 1 1 2 0
P 19 00006c 1 1 1 0
P 20 0005c2 1 1 1 0
P 21 00095f 1 1 4 0
P 22 002b3e 1 1 4 0
P 23 000cf4 1 1 4 0
P 24 002d54 2 2 4 0
O 25 0 5 000001
O 25 1 5 000000
O 25 2 5 000001
O 25 3 5 000001
O 25 4 5 000000
P 25 000001 1 1 0 0
O 26 0 3 001aac
O 26 1 3 000000
O 26 2 3 000000
O 26 3 3 000000
O 26 4 3 000038
P 26 000001 1 1 0 0
O 27 0 0 002cfa
O 27 1 1 00164f
O 27 2 2 002ffa
O 27 3 0 000000
O 27 4 1 000000
P 27 000001 1 1 0 0
O 28 0 6 43e816
O 28 1 6 48a420
P 28 000001 1 1 0 0
SUMMARY programs=29 packets=137 tick_errors=0
